U =16*16

  (19,1)       0.0382
  (20,1)       0.0749
  (21,1)       0.1087
  (22,1)       0.1384
  (23,1)       0.1627
  (24,1)       0.1808
  (25,1)       0.1920
  (26,1)       0.1957
  (27,1)       0.1920
  (28,1)       0.1808
  (29,1)       0.1627
  (30,1)       0.1384
  (31,1)       0.1087
  (32,1)       0.0749
  (33,1)       0.0382
  (36,1)       0.0749
  (37,1)       0.1469
  (38,1)       0.2133
  (39,1)       0.2715
  (40,1)       0.3192
  (41,1)       0.3547
  (42,1)       0.3765
  (43,1)       0.3839
  (44,1)       0.3765
  (45,1)       0.3547
  (46,1)       0.3192
  (47,1)       0.2715
  (48,1)       0.2133
  (49,1)       0.1469
  (50,1)       0.0749
  (53,1)       0.1087
  (54,1)       0.2133
  (55,1)       0.3097
  (56,1)       0.3941
  (57,1)       0.4634
  (58,1)       0.5149
  (59,1)       0.5466
  (60,1)       0.5574
  (61,1)       0.5466
  (62,1)       0.5149
  (63,1)       0.4634
  (64,1)       0.3941
  (65,1)       0.3097
  (66,1)       0.2133
  (67,1)       0.1087
  (70,1)       0.1384
  (71,1)       0.2715
  (72,1)       0.3941
  (73,1)       0.5016
  (74,1)       0.5898
  (75,1)       0.6554
  (76,1)       0.6958
  (77,1)       0.7094
  (78,1)       0.6958
  (79,1)       0.6554
  (80,1)       0.5898
  (81,1)       0.5016
  (82,1)       0.3941
  (83,1)       0.2715
  (84,1)       0.1384
  (87,1)       0.1627
  (88,1)       0.3192
  (89,1)       0.4634
  (90,1)       0.5898
  (91,1)       0.6936
  (92,1)       0.7707
  (93,1)       0.8181
  (94,1)       0.8341
  (95,1)       0.8181
  (96,1)       0.7707
  (97,1)       0.6936
  (98,1)       0.5898
  (99,1)       0.4634
 (100,1)       0.3192
 (101,1)       0.1627
 (104,1)       0.1808
 (105,1)       0.3547
 (106,1)       0.5149
 (107,1)       0.6554
 (108,1)       0.7707
 (109,1)       0.8563
 (110,1)       0.9090
 (111,1)       0.9269
 (112,1)       0.9090
 (113,1)       0.8563
 (114,1)       0.7707
 (115,1)       0.6554
 (116,1)       0.5149
 (117,1)       0.3547
 (118,1)       0.1808
 (121,1)       0.1920
 (122,1)       0.3765
 (123,1)       0.5466
 (124,1)       0.6958
 (125,1)       0.8181
 (126,1)       0.9090
 (127,1)       0.9650
 (128,1)       0.9839
 (129,1)       0.9650
 (130,1)       0.9090
 (131,1)       0.8181
 (132,1)       0.6958
 (133,1)       0.5466
 (134,1)       0.3765
 (135,1)       0.1920
 (138,1)       0.1957
 (139,1)       0.3839
 (140,1)       0.5574
 (141,1)       0.7094
 (142,1)       0.8341
 (143,1)       0.9269
 (144,1)       0.9839
 (145,1)       1.0032
 (146,1)       0.9839
 (147,1)       0.9269
 (148,1)       0.8341
 (149,1)       0.7094
 (150,1)       0.5574
 (151,1)       0.3839
 (152,1)       0.1957
 (155,1)       0.1920
 (156,1)       0.3765
 (157,1)       0.5466
 (158,1)       0.6958
 (159,1)       0.8181
 (160,1)       0.9090
 (161,1)       0.9650
 (162,1)       0.9839
 (163,1)       0.9650
 (164,1)       0.9090
 (165,1)       0.8181
 (166,1)       0.6958
 (167,1)       0.5466
 (168,1)       0.3765
 (169,1)       0.1920
 (172,1)       0.1808
 (173,1)       0.3547
 (174,1)       0.5149
 (175,1)       0.6554
 (176,1)       0.7707
 (177,1)       0.8563
 (178,1)       0.9090
 (179,1)       0.9269
 (180,1)       0.9090
 (181,1)       0.8563
 (182,1)       0.7707
 (183,1)       0.6554
 (184,1)       0.5149
 (185,1)       0.3547
 (186,1)       0.1808
 (189,1)       0.1627
 (190,1)       0.3192
 (191,1)       0.4634
 (192,1)       0.5898
 (193,1)       0.6936
 (194,1)       0.7707
 (195,1)       0.8181
 (196,1)       0.8341
 (197,1)       0.8181
 (198,1)       0.7707
 (199,1)       0.6936
 (200,1)       0.5898
 (201,1)       0.4634
 (202,1)       0.3192
 (203,1)       0.1627
 (206,1)       0.1384
 (207,1)       0.2715
 (208,1)       0.3941
 (209,1)       0.5016
 (210,1)       0.5898
 (211,1)       0.6554
 (212,1)       0.6958
 (213,1)       0.7094
 (214,1)       0.6958
 (215,1)       0.6554
 (216,1)       0.5898
 (217,1)       0.5016
 (218,1)       0.3941
 (219,1)       0.2715
 (220,1)       0.1384
 (223,1)       0.1087
 (224,1)       0.2133
 (225,1)       0.3097
 (226,1)       0.3941
 (227,1)       0.4634
 (228,1)       0.5149
 (229,1)       0.5466
 (230,1)       0.5574
 (231,1)       0.5466
 (232,1)       0.5149
 (233,1)       0.4634
 (234,1)       0.3941
 (235,1)       0.3097
 (236,1)       0.2133
 (237,1)       0.1087
 (240,1)       0.0749
 (241,1)       0.1469
 (242,1)       0.2133
 (243,1)       0.2715
 (244,1)       0.3192
 (245,1)       0.3547
 (246,1)       0.3765
 (247,1)       0.3839
 (248,1)       0.3765
 (249,1)       0.3547
 (250,1)       0.3192
 (251,1)       0.2715
 (252,1)       0.2133
 (253,1)       0.1469
 (254,1)       0.0749
 (257,1)       0.0382
 (258,1)       0.0749
 (259,1)       0.1087
 (260,1)       0.1384
 (261,1)       0.1627
 (262,1)       0.1808
 (263,1)       0.1920
 (264,1)       0.1957
 (265,1)       0.1920
 (266,1)       0.1808
 (267,1)       0.1627
 (268,1)       0.1384
 (269,1)       0.1087
 (270,1)       0.0749
 (271,1)       0.0382


U =*4*4*

   (7,1)       0.5265
   (8,1)       0.7446
   (9,1)       0.5265
  (12,1)       0.7446
  (13,1)       1.0530
  (14,1)       0.7446
  (17,1)       0.5265
  (18,1)       0.7446
  (19,1)       0.5265
